P2
# muestra la palabra "cuadrado" 
20 20
9
9 9 9 9 9 9 9 9 9 9 9 9 9 9 9 9 9 9 9 9
5 0 5 0 5 0 5 0 5 0 5 0 5 0 5 0 5 0 5 0
5 0 5 0 5 0 5 0 5 0 5 0 5 0 5 0 5 0 5 0
5 0 5 0 5 0 5 0 5 0 5 0 5 0 5 0 5 0 5 0
5 0 5 0 5 0 5 0 5 0 5 0 5 0 5 0 5 0 5 0
5 0 5 0 5 0 5 0 5 0 5 0 5 0 5 0 5 0 5 0
5 0 5 0 5 0 5 0 5 0 5 0 5 0 5 0 5 0 5 0
5 0 5 0 5 0 5 0 5 0 5 0 5 0 5 0 5 0 5 0
5 0 5 0 5 0 5 0 5 0 5 0 5 0 5 0 5 0 5 0
9 9 9 9 9 9 9 9 9 9 9 9 9 9 9 9 9 9 9 9
5 0 5 0 5 0 5 0 5 0 5 0 5 0 5 0 5 0 5 0
5 0 5 0 5 0 5 0 5 0 5 0 5 0 5 0 5 0 5 0
5 0 5 0 5 0 5 0 5 0 5 0 5 0 5 0 5 0 5 0
5 0 5 0 5 0 5 0 5 0 5 0 5 0 5 0 5 0 5 0
5 0 5 0 5 0 5 0 5 0 5 0 5 0 5 0 5 0 5 0
5 0 5 0 5 0 5 0 5 0 5 0 5 0 5 0 5 0 5 0
5 0 5 0 5 0 5 0 5 0 5 0 5 0 5 0 5 0 5 0
5 0 5 0 5 0 5 0 5 0 5 0 5 0 5 0 5 0 5 0
5 0 5 0 5 0 5 0 5 0 5 0 5 0 5 0 5 0 5 0
9 9 9 9 9 9 9 9 9 9 9 9 9 9 9 9 9 9 9 9